3.034950017929077121e-02
9.104850053787230668e-02
1.517475008964538352e-01
2.124465012550353915e-01
2.731455016136169478e-01
3.338445019721985041e-01
3.945435023307800049e-01
4.552425026893615612e-01
5.159415030479430619e-01
5.766405034065247293e-01
6.373395037651061745e-01
6.980385041236877308e-01
7.587375044822692871e-01
8.194365048408507324e-01
8.801355051994323997e-01
9.408345055580138450e-01
1.001533505916595512e+00
1.062232506275176958e+00
1.122931506633758403e+00
1.183630506992340070e+00
1.244329507350921737e+00
1.305028507709503183e+00
1.365727508068084628e+00
1.426426508426666295e+00
1.487125508785247741e+00
1.547824509143829186e+00
1.608523509502410853e+00
1.669222509860992520e+00
1.729921510219573966e+00
1.790620510578155411e+00
1.851319510936737078e+00
1.912018511295318746e+00
1.972717511653900191e+00
2.033416512012481636e+00
2.094115512371063303e+00
2.154814512729644527e+00
2.215513513088226638e+00
2.276212513446807861e+00
2.336911513805389085e+00
2.397610514163971196e+00
2.458309514522552419e+00
2.519008514881133642e+00
2.579707515239715754e+00
2.640406515598296977e+00
2.701105515956878644e+00
2.761804516315460312e+00
2.822503516674041535e+00
2.883202517032623202e+00
2.943901517391204870e+00
3.004600517749786093e+00
3.065299518108368204e+00
3.125998518466949427e+00
3.186697518825530651e+00
3.247396519184112762e+00
3.308095519542693985e+00
3.368794519901275653e+00
3.429493520259857320e+00
3.490192520618438543e+00
3.550891520977020210e+00
3.611590521335601878e+00
3.672289521694183101e+00
3.732988522052765212e+00
3.793687522411346436e+00
3.854386522769927659e+00
3.915085523128509770e+00
3.975784523487090993e+00
4.036483523845673105e+00
4.097182524204253440e+00
4.157881524562835551e+00
4.218580524921417663e+00
4.279279525279998886e+00
4.339978525638580109e+00
4.400677525997162221e+00
4.461376526355743444e+00
4.522075526714324667e+00
4.582774527072906778e+00
4.643473527431488002e+00
4.704172527790069225e+00
4.764871528148651336e+00
4.825570528507232559e+00
4.886269528865813783e+00
4.946968529224395894e+00
5.007667529582977117e+00
5.068366529941558341e+00
5.129065530300140452e+00
5.189764530658722563e+00
5.250463531017302898e+00
5.311162531375885010e+00
5.371861531734467121e+00
5.432560532093047456e+00
5.493259532451629568e+00
5.553958532810211679e+00
5.614657533168792014e+00
5.675356533527374125e+00
5.736055533885956237e+00
5.796754534244536572e+00
5.857453534603118683e+00
5.918152534961700795e+00
5.978851535320282018e+00
6.039550535678863241e+00
