-1.781868591308593750e+02
-1.745871582031250000e+02
-1.709874725341796875e+02
-1.673877868652343750e+02
-1.637880859375000000e+02
-1.601883850097656250e+02
-1.565886840820312500e+02
-1.529889984130859375e+02
-1.493892974853515625e+02
-1.457896118164062500e+02
-1.421899108886718750e+02
-1.385902099609375000e+02
-1.349905242919921875e+02
-1.313908233642578125e+02
-1.277911224365234375e+02
-1.241914367675781250e+02
-1.205917358398437500e+02
-1.169920501708984375e+02
-1.133923492431640625e+02
-1.097926483154296875e+02
-1.061929626464843750e+02
-1.025932617187500000e+02
-9.899356842041015625e+01
-9.539387512207031250e+01
-9.179417419433593750e+01
-8.819448852539062500e+01
-8.459478759765625000e+01
-8.099509429931640625e+01
-7.739540100097656250e+01
-7.379570007324218750e+01
-7.019601440429687500e+01
-6.659631347656250000e+01
-6.299661636352539062e+01
-5.939692306518554688e+01
-5.579722595214843750e+01
-5.219753265380859375e+01
-4.859783935546875000e+01
-4.499814224243164062e+01
-4.139844512939453125e+01
-3.779875183105468750e+01
-3.419905853271484375e+01
-3.059936141967773438e+01
-2.699966812133789062e+01
-2.339997100830078125e+01
-1.980027770996093750e+01
-1.620058059692382812e+01
-1.260088634490966797e+01
-9.001191139221191406e+00
-5.401495933532714844e+00
-1.801800727844238281e+00
1.797894477844238281e+00
5.397589683532714844e+00
8.997284889221191406e+00
1.259698009490966797e+01
1.619667434692382812e+01
1.979637145996093750e+01
2.339606475830078125e+01
2.699576187133789062e+01
3.059545516967773438e+01
3.419515228271484375e+01
3.779484558105468750e+01
4.139453887939453125e+01
4.499423599243164062e+01
4.859393310546875000e+01
5.219362640380859375e+01
5.579331970214843750e+01
5.939301681518554688e+01
6.299271011352539062e+01
6.659240722656250000e+01
7.019210815429687500e+01
7.379179382324218750e+01
7.739149475097656250e+01
8.099118804931640625e+01
8.459088134765625000e+01
8.819058227539062500e+01
9.179026794433593750e+01
9.538996887207031250e+01
9.898966217041015625e+01
1.025893554687500000e+02
1.061890563964843750e+02
1.097887420654296875e+02
1.133884429931640625e+02
1.169881439208984375e+02
1.205878295898437500e+02
1.241875305175781250e+02
1.277872161865234375e+02
1.313869171142578125e+02
1.349866180419921875e+02
1.385863037109375000e+02
1.421860046386718750e+02
1.457857055664062500e+02
1.493853912353515625e+02
1.529850921630859375e+02
1.565847778320312500e+02
1.601844787597656250e+02
1.637841796875000000e+02
1.673838806152343750e+02
1.709835662841796875e+02
1.745832519531250000e+02
1.781829528808593750e+02
