4.184013526588326926e+00
inf
5.100304258462482032e+00
4.001691969794372916e+00
3.016632277494847525e+00
3.106688657024305744e+00
3.188642735567946307e+00
2.060404739301422428e+00
1.631638098493984668e+00
9.467498681588670806e-01
3.234837446969947572e-01
1.886383227924730011e-01
1.753893774836947361e-01
2.278044565276341749e-01
1.122919520334878934e-01
1.808498307501891222e-01
2.420942608135957519e-01
2.385164193607014760e-01
1.720559995934968223e-01
1.223491468043556990e-01
5.487724643449793521e-02
8.101072343140071352e-02
7.916725823317011246e-02
1.189640664732311004e-01
1.579343123041980490e-01
1.711435338572436793e-01
1.733798691979775985e-01
1.143469917808852127e-01
1.009911487504019101e-01
8.131843716133826949e-02
4.164916104003511810e-02
-0.000000000000000000e+00
3.427753305350882129e-02
7.050867781686315228e-02
9.104591209382628669e-02
1.824290835012503942e-01
2.936292667238152854e-01
4.371235135957309281e-01
5.082302986702148528e-01
6.205214576584938690e-01
7.631790302626508815e-01
9.009426206651475200e-01
1.045153789001787237e+00
1.161006419005321089e+00
1.332051099352584034e+00
1.512300528071103711e+00
1.687928965000266457e+00
1.871414524626020093e+00
1.984399949529017215e+00
1.999592234167727023e+00
2.314631679357221028e+00
2.737270639839011199e+00
3.033947486201569177e+00
3.254933352736783636e+00
3.493259409931281034e+00
3.739981816134439807e+00
3.882027002798365434e+00
4.071883839595170862e+00
4.416589272837425639e+00
4.520855555499148970e+00
4.560235435287636641e+00
4.725966839760890714e+00
4.861680920418640639e+00
5.088061390469886369e+00
5.061957562866434834e+00
5.156119677908470145e+00
5.294680275872257980e+00
5.349411709709614549e+00
5.691019584093766959e+00
5.996374816333657876e+00
6.255999440496689878e+00
6.408790016618141294e+00
6.555013060836425431e+00
6.750959310788987366e+00
6.977923568108388430e+00
7.148812930707729940e+00
7.379529077303565998e+00
7.567496458846349583e+00
8.028130416512919254e+00
8.279310338949452230e+00
8.349520437468177292e+00
8.609006090712808756e+00
9.285939182669750380e+00
9.223770235954161123e+00
9.501281775268754615e+00
9.889664213944451276e+00
1.008110005982485724e+01
1.040173473461433318e+01
1.131601076783081616e+01
1.133330510972037786e+01
1.154798256546502699e+01
1.195979189136505738e+01
1.215669040040175197e+01
1.256004389344697358e+01
1.303545493561377633e+01
1.358225771013980854e+01
1.381171735181711036e+01
1.437144075001359234e+01
1.493924050143513860e+01
1.674767415365697332e+01
