-1.781868620300293173e+02
-1.745871669006347702e+02
-1.709874717712402230e+02
-1.673877766418457043e+02
-1.637880815124511855e+02
-1.601883863830566384e+02
-1.565886912536620912e+02
-1.529889961242675724e+02
-1.493893009948730537e+02
-1.457896058654785065e+02
-1.421899107360839878e+02
-1.385902156066894690e+02
-1.349905204772949219e+02
-1.313908253479003747e+02
-1.277911302185058560e+02
-1.241914350891113372e+02
-1.205917399597167901e+02
-1.169920448303222713e+02
-1.133923497009277241e+02
-1.097926545715332054e+02
-1.061929594421386724e+02
-1.025932643127441395e+02
-9.899356918334962074e+01
-9.539387405395507358e+01
-9.179417892456055483e+01
-8.819448379516600767e+01
-8.459478866577148892e+01
-8.099509353637695597e+01
-7.739539840698242301e+01
-7.379570327758790427e+01
-7.019600814819335710e+01
-6.659631301879883836e+01
-6.299661788940429830e+01
-5.939692276000976534e+01
-5.579722763061523239e+01
-5.219753250122069943e+01
-4.859783737182617358e+01
-4.499814224243164062e+01
-4.139844711303710767e+01
-3.779875198364257471e+01
-3.419905685424804176e+01
-3.059936172485352301e+01
-2.699966659545899006e+01
-2.339997146606445710e+01
-1.980027633666992415e+01
-1.620058120727539119e+01
-1.260088607788085824e+01
-9.001190948486325283e+00
-5.401495819091806538e+00
-1.801800689697273583e+00
1.797894439697259372e+00
5.397589569091792328e+00
8.997284698486325283e+00
1.259697982788085824e+01
1.619667495727539119e+01
1.979637008666990994e+01
2.339606521606444289e+01
2.699576034545897585e+01
3.059545547485350880e+01
3.419515060424804176e+01
3.779484573364257471e+01
4.139454086303710767e+01
4.499423599243164062e+01
4.859393112182617358e+01
5.219362625122069232e+01
5.579332138061522528e+01
5.939301651000975824e+01
6.299271163940429119e+01
6.659240676879882415e+01
7.019210189819335710e+01
7.379179702758789006e+01
7.739149215698242301e+01
8.099118728637694176e+01
8.459088241577146050e+01
8.819057754516600767e+01
9.179027267456055483e+01
9.538996780395507358e+01
9.898966293334959232e+01
1.025893580627441395e+02
1.061890531921386867e+02
1.097887483215332054e+02
1.133884434509277241e+02
1.169881385803222713e+02
1.205878337097167901e+02
1.241875288391113088e+02
1.277872239685058560e+02
1.313869190979004031e+02
1.349866142272949219e+02
1.385863093566894406e+02
1.421860044860839878e+02
1.457856996154785065e+02
1.493853947448730253e+02
1.529850898742675724e+02
1.565847850036621196e+02
1.601844801330566384e+02
1.637841752624511571e+02
1.673838703918457043e+02
1.709835655212402230e+02
1.745832606506347418e+02
1.781829557800292889e+02
