-1.662879709625244118e+02
-1.645159209442138604e+02
-1.627438709259033089e+02
-1.609718209075927575e+02
-1.591997708892822345e+02
-1.574277208709716831e+02
-1.556556708526611317e+02
-1.538836208343505803e+02
-1.521115708160400288e+02
-1.503395207977295058e+02
-1.485674707794189544e+02
-1.467954207611084030e+02
-1.450233707427978516e+02
-1.432513207244873001e+02
-1.414792707061767487e+02
-1.397072206878661973e+02
-1.379351706695556459e+02
-1.361631206512451229e+02
-1.343910706329345714e+02
-1.326190206146240200e+02
-1.308469705963134686e+02
-1.290749205780029456e+02
-1.273028705596923942e+02
-1.255308205413818428e+02
-1.237587705230712913e+02
-1.219867205047607399e+02
-1.202146704864501885e+02
-1.184426204681396371e+02
-1.166705704498290999e+02
-1.148985204315185626e+02
-1.131264704132080112e+02
-1.113544203948974598e+02
-1.095823703765869084e+02
-1.078103203582763570e+02
-1.060382703399658055e+02
-1.042662203216552683e+02
-1.024941703033447311e+02
-1.007221202850341797e+02
-9.895007026672362827e+01
-9.717802024841307684e+01
-9.540597023010252542e+01
-9.363392021179198821e+01
-9.186187019348143679e+01
-9.008982017517089957e+01
-8.831777015686034815e+01
-8.654572013854979673e+01
-8.477367012023924531e+01
-8.300162010192870810e+01
-8.122957008361815667e+01
-7.945752006530761946e+01
-7.768547004699706804e+01
-7.591342002868651662e+01
-7.414137001037596519e+01
-7.236931999206542798e+01
-7.059726997375487656e+01
-6.882521995544433935e+01
-6.705316993713378793e+01
-6.528111991882323650e+01
-6.350906990051268508e+01
-6.173701988220214076e+01
-5.996496986389159645e+01
-5.819291984558104502e+01
-5.642086982727050071e+01
-5.464881980895995639e+01
-5.287676979064940497e+01
-5.110471977233886065e+01
-4.933266975402831633e+01
-4.756061973571776491e+01
-4.578856971740722059e+01
-4.401651969909667628e+01
-4.224446968078612485e+01
-4.047241966247557343e+01
-3.870036964416502201e+01
-3.692831962585448480e+01
-3.515626960754394759e+01
-3.338421958923339616e+01
-3.161216957092284474e+01
-2.984011955261229332e+01
-2.806806953430174190e+01
-2.629601951599119047e+01
-2.452396949768065326e+01
-2.275191947937011605e+01
-2.097986946105956463e+01
-1.920781944274901321e+01
-1.743576942443846178e+01
-1.566371940612791036e+01
-1.389166938781737315e+01
-1.211961936950683594e+01
-1.034756935119628452e+01
-8.575519332885733093e+00
-6.803469314575181670e+00
-5.031419296264630248e+00
-3.259369277954093036e+00
-1.487319259643555824e+00
2.847307586669955981e-01
2.056780776977547021e+00
3.828830795288098443e+00
5.600880813598649866e+00
7.372930831909201288e+00
9.144980850219738500e+00
