-1.772713623046875000e+02
-1.736808624267578125e+02
-1.700903625488281250e+02
-1.664998779296875000e+02
-1.629093933105468750e+02
-1.593188781738281250e+02
-1.557283935546875000e+02
-1.521379089355468750e+02
-1.485473937988281250e+02
-1.449569091796875000e+02
-1.413664245605468750e+02
-1.377759246826171875e+02
-1.341854248046875000e+02
-1.305949401855468750e+02
-1.270044403076171875e+02
-1.234139404296875000e+02
-1.198234558105468750e+02
-1.162329559326171875e+02
-1.126424636840820312e+02
-1.090519714355468750e+02
-1.054614715576171875e+02
-1.018709869384765625e+02
-9.828048706054687500e+01
-9.468998718261718750e+01
-9.109950256347656250e+01
-8.750900268554687500e+01
-8.391851806640625000e+01
-8.032801818847656250e+01
-7.673751831054687500e+01
-7.314703369140625000e+01
-6.955653381347656250e+01
-6.596604156494140625e+01
-6.237554550170898438e+01
-5.878505325317382812e+01
-5.519455718994140625e+01
-5.160406494140625000e+01
-4.801357269287109375e+01
-4.442307662963867188e+01
-4.083258056640625000e+01
-3.724208831787109375e+01
-3.365159606933593750e+01
-3.006110000610351562e+01
-2.647060775756835938e+01
-2.288011169433593750e+01
-1.928961944580078125e+01
-1.569912433624267578e+01
-1.210863018035888672e+01
-8.518136024475097656e+00
-4.927641868591308594e+00
-1.337147712707519531e+00
2.253346443176269531e+00
5.843840599060058594e+00
9.434334754943847656e+00
1.302482891082763672e+01
1.661532211303710938e+01
2.020581817626953125e+01
2.379631042480468750e+01
2.738680648803710938e+01
3.097729873657226562e+01
3.456779479980468750e+01
3.815828704833984375e+01
4.174877929687500000e+01
4.533927536010742188e+01
4.892977142333984375e+01
5.252026367187500000e+01
5.611075592041015625e+01
5.970125198364257812e+01
6.329174423217773438e+01
6.688224029541015625e+01
7.047273254394531250e+01
7.406323242187500000e+01
7.765371704101562500e+01
8.124421691894531250e+01
8.483471679687500000e+01
8.842520141601562500e+01
9.201570129394531250e+01
9.560618591308593750e+01
9.919668579101562500e+01
1.027871856689453125e+02
1.063776702880859375e+02
1.099681701660156250e+02
1.135586624145507812e+02
1.171491546630859375e+02
1.207396545410156250e+02
1.243301391601562500e+02
1.279206390380859375e+02
1.315111389160156250e+02
1.351016235351562500e+02
1.386921234130859375e+02
1.422826232910156250e+02
1.458731079101562500e+02
1.494635925292968750e+02
1.530541076660156250e+02
1.566445922851562500e+02
1.602350769042968750e+02
1.638255920410156250e+02
1.674160766601562500e+02
1.710065612792968750e+02
1.745970611572265625e+02
1.781875610351562500e+02
