8.068544858694076671e-01
8.589634877443313998e-01
9.110724896192550215e-01
9.631814914941787542e-01
1.015290493369102487e+00
1.067399495244026220e+00
1.119508497118949730e+00
1.171617498993873685e+00
1.223726500868797196e+00
1.275835502743721150e+00
1.327944504618644661e+00
1.380053506493568394e+00
1.432162508368492126e+00
1.484271510243415859e+00
1.536380512118339592e+00
1.588489513993263103e+00
1.640598515868187057e+00
1.692707517743110568e+00
1.744816519618034301e+00
1.796925521492958033e+00
1.849034523367881766e+00
1.901143525242805499e+00
1.953252527117729009e+00
2.005361528992652964e+00
2.057470530867576475e+00
2.109579532742500430e+00
2.161688534617423940e+00
2.213797536492347895e+00
2.265906538367271406e+00
2.318015540242194916e+00
2.370124542117118871e+00
2.422233543992042382e+00
2.474342545866966336e+00
2.526451547741889847e+00
2.578560549616813802e+00
2.630669551491737312e+00
2.682778553366660823e+00
2.734887555241584778e+00
2.786996557116508288e+00
2.839105558991432243e+00
2.891214560866355754e+00
2.943323562741279709e+00
2.995432564616203219e+00
3.047541566491126730e+00
3.099650568366050685e+00
3.151759570240974639e+00
3.203868572115898150e+00
3.255977573990821661e+00
3.308086575865745615e+00
3.360195577740669126e+00
3.412304579615592637e+00
3.464413581490516592e+00
3.516522583365440546e+00
3.568631585240364057e+00
3.620740587115287568e+00
3.672849588990211522e+00
3.724958590865135033e+00
3.777067592740058544e+00
3.829176594614982498e+00
3.881285596489906453e+00
3.933394598364829964e+00
3.985503600239753474e+00
4.037612602114677429e+00
4.089721603989601384e+00
4.141830605864524451e+00
4.193939607739448405e+00
4.246048609614372360e+00
4.298157611489296315e+00
4.350266613364219381e+00
4.402375615239143336e+00
4.454484617114067291e+00
4.506593618988990357e+00
4.558702620863914312e+00
4.610811622738838267e+00
4.662920624613761333e+00
4.715029626488685288e+00
4.767138628363609243e+00
4.819247630238532309e+00
4.871356632113457152e+00
4.923465633988380219e+00
4.975574635863304174e+00
5.027683637738228128e+00
5.079792639613151195e+00
5.131901641488075150e+00
5.184010643362999105e+00
5.236119645237922171e+00
5.288228647112847014e+00
5.340337648987770081e+00
5.392446650862693147e+00
5.444555652737617990e+00
5.496664654612541057e+00
5.548773656487464123e+00
5.600882658362388966e+00
5.652991660237312033e+00
5.705100662112235987e+00
5.757209663987159942e+00
5.809318665862083009e+00
5.861427667737006963e+00
5.913536669611930918e+00
5.965645671486853985e+00
