-1.664044434738159168e+02
-1.648653384780883755e+02
-1.633262334823608342e+02
-1.617871284866332928e+02
-1.602480234909057515e+02
-1.587089184951782102e+02
-1.571698134994506972e+02
-1.556307085037231559e+02
-1.540916035079956146e+02
-1.525524985122680732e+02
-1.510133935165405319e+02
-1.494742885208129906e+02
-1.479351835250854492e+02
-1.463960785293579079e+02
-1.448569735336303665e+02
-1.433178685379028252e+02
-1.417787635421752839e+02
-1.402396585464477425e+02
-1.387005535507202012e+02
-1.371614485549926883e+02
-1.356223435592651470e+02
-1.340832385635376056e+02
-1.325441335678100643e+02
-1.310050285720825229e+02
-1.294659235763549816e+02
-1.279268185806274403e+02
-1.263877135848998989e+02
-1.248486085891723576e+02
-1.233095035934448163e+02
-1.217703985977172749e+02
-1.202312936019897336e+02
-1.186921886062622065e+02
-1.171530836105346651e+02
-1.156139786148071380e+02
-1.140748736190795967e+02
-1.125357686233520553e+02
-1.109966636276245140e+02
-1.094575586318969727e+02
-1.079184536361694313e+02
-1.063793486404418900e+02
-1.048402436447143486e+02
-1.033011386489868073e+02
-1.017620336532592802e+02
-1.002229286575317388e+02
-9.868382366180419751e+01
-9.714471866607665618e+01
-9.560561367034911484e+01
-9.406650867462158772e+01
-9.252740367889404638e+01
-9.098829868316650504e+01
-8.944919368743896371e+01
-8.791008869171142237e+01
-8.637098369598388103e+01
-8.483187870025633970e+01
-8.329277370452879836e+01
-8.175366870880127124e+01
-8.021456371307372990e+01
-7.867545871734618856e+01
-7.713635372161864723e+01
-7.559724872589110589e+01
-7.405814373016357877e+01
-7.251903873443603743e+01
-7.097993373870849609e+01
-6.944082874298095476e+01
-6.790172374725341342e+01
-6.636261875152587209e+01
-6.482351375579833075e+01
-6.328440876007079652e+01
-6.174530376434326229e+01
-6.020619876861572095e+01
-5.866709377288817961e+01
-5.712798877716063828e+01
-5.558888378143309694e+01
-5.404977878570556271e+01
-5.251067378997802848e+01
-5.097156879425048714e+01
-4.943246379852294581e+01
-4.789335880279540447e+01
-4.635425380706786314e+01
-4.481514881134032180e+01
-4.327604381561278757e+01
-4.173693881988525334e+01
-4.019783382415771200e+01
-3.865872882843017777e+01
-3.711962383270264354e+01
-3.558051883697510220e+01
-3.404141384124756087e+01
-3.250230884552001953e+01
-3.096320384979247820e+01
-2.942409885406493686e+01
-2.788499385833739552e+01
-2.634588886260985419e+01
-2.480678386688231285e+01
-2.326767887115477151e+01
-2.172857387542723018e+01
-2.018946887969970305e+01
-1.865036388397217593e+01
-1.711125888824463459e+01
-1.557215389251709325e+01
-1.403304889678955192e+01
