5.424481528524299101e+00
2.986798386293805230e+00
1.716726616169043318e+00
1.035306361600462521e+00
1.276119451235836699e+00
1.194111893298137828e+00
8.009951699520972968e-01
7.940229378309648922e-01
8.721693105708125948e-01
1.185625022909833293e+00
1.106276085475555115e+00
1.943644520733700087e+00
1.565674982196458398e+00
1.379144600958870370e+00
1.618982788781625937e+00
1.337557066575779885e+00
1.016470570945611440e+00
6.379642888579760696e-01
6.932580139977576605e-01
3.067592016855707482e-01
1.341437393862052463e-01
6.782142057615468678e-02
3.313618186672086519e-01
3.447745640384774490e-01
1.853912288949866038e-01
1.470620060021381459e-01
1.459688917652060269e-01
-0.000000000000000000e+00
1.988898266367107870e-01
4.700314807418295993e-01
4.502195053699725724e-01
4.063260643689198259e-01
3.967083211428442668e-01
4.030510445089909854e-01
4.171352226856238077e-01
5.825409355236993436e-01
9.010001535274394513e-01
9.719826757785442473e-01
9.329028364248478367e-01
8.755324046307806363e-01
1.071045448072846185e+00
1.115539195159275243e+00
1.070580825303301120e+00
1.277597755265311275e+00
1.589211736644899453e+00
1.945318722822598989e+00
2.148843114968714385e+00
2.309702183146488785e+00
2.438986599327066962e+00
2.597973699310395013e+00
2.938069561259082807e+00
2.975161172199231707e+00
3.642030623352180640e+00
4.136265298621534470e+00
4.122176371192847633e+00
4.116288872297936052e+00
4.172018659327449086e+00
4.343774813254197120e+00
4.445731314456994987e+00
4.463108313242597269e+00
4.076462975795091204e+00
4.176003332313013239e+00
4.331603563393112921e+00
4.371424976078984947e+00
4.634065583087948248e+00
5.056895398527849750e+00
5.434131244189544852e+00
5.907424351296024945e+00
5.922355298406805524e+00
5.406113623710662175e+00
5.551777910203099964e+00
5.635924339935264094e+00
6.372798700344558753e+00
6.990114879212720567e+00
6.699759949813610227e+00
7.196255211811754648e+00
6.852722607020259815e+00
6.640389765321511817e+00
6.704762703388693623e+00
7.067638981436067169e+00
7.457655587833113664e+00
8.127394869403842037e+00
8.073514604640015691e+00
7.822841503398106688e+00
7.699426016171535103e+00
8.115508990888855578e+00
8.033741831013205825e+00
9.756433129339075805e+00
1.033334131894125818e+01
1.066466466577398720e+01
1.086634518213835143e+01
1.114489845110981214e+01
1.108969647066857611e+01
1.116978347036744701e+01
1.115988316831519533e+01
1.182206453514247002e+01
1.244483089738829662e+01
1.212865040637341885e+01
1.261390613847356512e+01
1.293036457628686797e+01
